0.692280968
0.845415828
0.925639309
0.678549517
0.839316204
0.836886953
0.906430053
0.862151496
0.783503276
0.789125448
0.813057321
0.880238028
0.854582203
0.687896456
0.80338617
0.714161833
0.827094897
0.801978184
0.718121672
0.607389499
0.832042746
0.843092925
0.818350736
0.632072976
0.862119542
0.785024518
0.70203154
0.744497795
0.807535922
0.824316819
0.919040475
0.81475832
0.836452182
0.722753753
0.813287261
0.792730416
0.674759296
0.82868163
0.749222627
0.816231026
0.764208697
0.814384155
0.836901792
0.741331603
0.927418932
0.869359706
0.696833929
0.799349394
0.794776552
0.795936496
0.863368615
0.812391676
0.852849048
0.825076196
0.744097344
0.783451545
0.798791608
0.806108004
0.796629414
0.829837412
0.674602998
0.775660888
0.732161125
0.801240085
0.800323716
0.812183869
0.772591667
0.802470444
0.721031039
0.771858174
0.93502832
0.831906753
0.917342972
0.780411918
0.664543498
0.758877159
0.825823354
0.647752964
0.873467551
0.836129996
0.677399743
0.87540013
0.774760421
0.975661091
0.90750826
0.666874269
0.833786264
0.893210385
0.736279239
0.884276987
0.837020234
0.774817951
0.81508932
0.748382277
0.730592539
0.732802351
0.722464868
0.818605436
0.762957679
0.907400877
0.693850113
0.817482144
0.650851541
0.783594949
0.679313607
0.770509929
0.766326399
0.69140627
0.793180144
0.896053319
0.793712641
0.679225123
0.738346275
0.777208726
0.871147827
0.836066185
0.868513789
0.748320605
0.885469383
0.844920146
0.882642295
0.718440711
0.801620535
0.855133363
0.751867172
0.751219248
0.807605429
0.871928693
0.798363379
0.710227647
0.793965696
0.936128097
0.840377576
0.798226118
0.857070526
0.792949242
0.780772476
0.750260262
0.675196752
0.831574371
0.835068181
0.659279069
0.829238954
0.630402825
0.866745259
0.731497834
0.790825799
0.825048965
0.705069029
0.913828304
0.737426413
0.796969402
0.770040211
0.783875988
0.777986406
0.879181082
0.856827884
0.770569545
0.725044248
0.773265599
0.994414316
0.74846347
0.787077221
0.716012724
0.694631638
0.745064532
0.788642378
0.669763827
0.774415849
0.776287122
1.012009594
0.852680215
0.81272264
0.863169911
0.624299383
0.897754581
0.859782739
0.835282745
0.860204354
0.827218757
0.893522851
0.839428994
0.788839503
0.802984214
0.98844541
0.80092508
0.836415321
0.794793288
0.924339593
0.852912251
0.807854238
0.876674664
0.819815503
0.946488017
0.704338487
0.770688689
0.803150858
0.804693483
0.881715892
0.700430657
0.830834661
0.58166323
0.894597798
0.859411858
0.911899703
0.663866808
0.913498157
0.788721827
1.035360362
0.821803453
0.844044353
0.920211175
0.702634209
0.935937564
0.836091771
0.707704572
0.823527537
0.774131545
0.758980466
0.805919997
0.791286417
0.830293548
0.74828838
0.775600432
0.810651617
0.723641385
0.77546487
0.757102028
0.9102976
0.924555834
0.79731611
0.775754352
0.78378268
0.807472002
0.862152488
0.84123339
0.900951667
1.000219375
0.811625169
0.740422423
0.831161553
0.717566826
0.932683124
0.923543652
0.728820462
0.704091535
0.880032922
0.786844823
0.763053924
0.771580662
0.788603868
0.725608811
0.788310681
0.729107595
0.648912456
0.794148413
0.820226673
0.874391661
0.796368997
0.931698948
0.751041161
0.840855986
0.937175855
0.833188041
0.772098669
0.817995713
0.851781092
0.885260337
0.804253206
0.803298511
0.769634305
0.777630098
0.793631763
0.969736686
0.78502615
0.685956143
0.734233388
0.666919964
0.856047062
0.834257835
0.641493597
0.810351528
0.862831191
0.75008839
0.78171673
0.75212041
0.767103734
0.777592613
0.933358615
0.853082573
0.637966397
0.834169434
0.734601551
0.930033294
0.717318667
0.765944837
0.879190847
0.777786351
0.853644753
0.939253301
0.711925646
0.878130593
0.673721515
0.763783058
0.868162715
0.727705504
0.621002526
0.820351525
0.869492583
0.834590756
0.788253391
0.860777675
0.709913184
0.951330934
0.858741
0.811356398
0.749959866
0.786029615
0.78188606
0.847307535
0.856264796
0.913468701
0.766789285
0.680882607
0.918107743
0.895380899
0.87257914
0.831271514
0.780998545
0.808840476
0.985316871
0.893294056
0.73172286
0.778040208
0.794576428
0.73704147
0.770594693
0.927000543
0.931829588
0.816822846
0.813180317
0.843161046
0.820798431
0.754412376
0.830961071
0.843936486
0.687757928
0.801950521
0.860869658
0.793658675
0.927756067
0.771265474
0.640359357
0.745762475
0.729034087
0.770548949
0.677201212
0.740407043
0.777487173
0.687542237
0.790231907
0.731012665
0.875381627
0.847227977
0.805905664
0.823213834
0.891504008
0.804911474
0.707191157
0.806157747
0.593674764
0.792806371
0.871687603
0.851615674
0.893062605
0.868986872
0.958906449
0.742940586
0.762487518
0.829621095
0.814264976
0.701163323
0.817604221
0.879791704
0.695430158
0.844530911
0.847539056
1.000240472
0.793492636
0.762217335
0.895084623
0.736439866
0.792249952
0.772730839
0.821516946
0.788818002
0.62366857
0.724368104
0.780762874
0.696846028
0.781291174
0.698830921
0.759910198
0.927645725
0.738213066
0.850095558
0.846096405
0.793548436
0.782182553
0.937199338
0.807327711
0.667221322
0.754759905
0.84426106
0.819145963
0.799948742
0.751417339
0.75984613
0.732938063
0.840651351
0.861970081
0.732916892
0.860966325
0.77785764
0.808046303
0.867747489
0.843862648
0.696044696
0.922382672
0.798867261
0.859266984
0.805326308
0.845421619
0.774317251
0.730814557
0.676281462
0.786303507
0.803372623
0.865903248
0.861904126
0.701779062
0.79925936
0.750165678
0.755235902
0.990449495
0.907454146
0.839704258
0.778675013
0.622162419
0.872598464
0.939635307
0.781938477
0.813930469
0.866643482
0.868036462
0.715854736
0.931417271
0.637453348
0.869160747
0.68873015
0.881058995
0.80484157
0.890469272
0.794115872
0.670336813
0.943777057
0.784817014
0.800629922
0.788679068
0.782370444
0.68757176
0.865496592
0.94884904
0.815098317
0.908189399
0.822422369
0.681732361
0.783278999
0.929453726
0.789381576
0.802880945
0.81827567
0.618062561
0.823022289
0.708090437
0.649816343
0.873791938
0.725571712
0.937121039
0.783340212
0.75906089
0.902125333
0.836322613
0.839042881
0.769661431
0.780914565
0.801713704
0.649422911
0.897727354
0.725142221
0.885164182
0.754859424
0.834407621
0.74221017
0.790949672
0.679128343
0.818054272
0.834518003
0.792741401
0.898152832
0.726079855
0.813623042
0.858078945
0.858038133
0.76797534
0.780536897
0.825800625
0.87394014
0.748934983
0.842397794
0.755210084
0.81401799
0.758261604
0.616373704
0.724739855
0.833210065
0.8755225
0.802287994
0.725406805
0.918281665
0.743022726
0.773558661
0.817241649
0.8241989
0.718716073
0.752287163
0.853801181
0.741644514
0.804664467
0.773953815
0.847285852
0.674824822
0.85220286
0.835628516
0.760572551
0.782366612
0.743973729
0.703445412
0.762770515
0.748297564
0.696742951
0.817565077
0.817080756
0.752611647
0.642931625
0.78755921
0.796440051
0.801893689
0.847396426
0.752540053
0.80432074
0.809933292
0.867127796
0.83742732
0.823910286
0.809478698
0.721070367
0.638298555
0.769447956
0.802300781
0.734673779
0.669140792
0.892867253
0.781417375
0.875660284
0.726706151
0.867346923
0.722207448
0.767412044
0.697083557
0.790180958
0.767925671
0.844216665
0.769195269
0.613152071
0.756588224
0.934530033
0.822616929
0.773827032
0.698686932
0.817054898
0.707288756
0.710345802
0.761905739
0.770059256
0.880802206
0.709776891
0.705527044
0.788500463
0.659640118
0.88389766
0.826112071
0.690947629
0.848365564
0.87727632
0.798353843
0.796952598
0.756456965
0.610975245
0.680048056
0.756498994
0.898688106
0.815484223
0.734854035
0.944728449
0.85809156
0.890270918
0.720656717
0.715139937
0.777477612
0.862915175
0.926737161
0.814065257
0.752476709
0.78582035
0.79274842
0.927922507
0.792102592
0.902572627
0.751057057
0.903535148
0.85295522
0.822320748
0.866330799
0.888597377
0.811229642
0.928446427
0.901254099
0.927131638
0.686210387
0.832222795
0.958384459
0.837965069
0.980192302
0.689188728
0.711596027
0.810342086
0.820054832
0.732385992
0.777872555
0.805931814
0.847292933
0.733951242
0.748840372
0.863217484
0.824274923
0.947875092
0.882277884
0.761447816
0.793894586
0.792756598
0.737920134
0.664494006
0.65775052
0.755531078
0.832625987
0.846720249
0.825790696
0.990278133
0.887613918
0.699474975
0.811310883
0.820322817
0.890264304
0.81966872
0.759672257
0.670384397
0.848347285
0.800455753
0.879699635
0.877347343
0.648091403
0.792011642
0.893228595
0.807374621
0.733132723
0.935201456
0.747488733
0.84548731
0.935062123
0.878064324
0.70610152
0.823115368
0.944916024
0.754393651
0.741065925
0.802584041
0.719202596
0.884654622
0.746690811
0.924068873
0.786277989
0.930827549
0.886918633
0.802657743
0.878878099
0.8109363
0.806664812
0.830599255
0.880057609
0.807691595
0.976976376
0.750956151
0.853222284
0.761641339
0.892239893
0.873341164
0.799405536
0.719319932
0.740347795
0.825647995
0.816396765
0.853395453
0.976645107
0.84457434
0.8110744
0.968111347
0.878552544
0.846272926
0.877510805
0.947776698
0.796798581
0.798329645
0.723043119
0.774946175
0.828365235
0.854674578
0.800967639
0.770627894
0.801010996
0.751838585
0.755969933
0.801988891
0.782853388
0.786688282
0.751847623
0.804589023
0.646443784
0.833168384
0.757005586
0.777360295
0.743823681
0.813010625
0.800819274
0.774327052
0.752575107
0.657654455
0.861421033
0.843254257
0.721705556
0.866560175
0.857253048
0.779259578
0.694937972
0.742288367
0.901869368
0.828007556
0.777071743
0.875346044
0.897492426
0.73161193
0.810420353
0.636088679
0.886122126
0.811712718
0.693733862
0.864226332
0.967623828
0.843563351
0.778024823
0.707213562
0.815528975
0.752184524
0.777959759
0.938740688
0.773514883
0.697739081
0.995135115
0.779975494
0.882903826
0.627818101
0.775054236
0.716597485
0.695264253
0.733702261
0.771479285
0.756875463
0.740698308
0.820478674
0.799503504
0.737368008
0.754883757
0.817277344
0.778013708
0.834483265
0.738757714
0.737857347
0.855174975
0.81766797
0.729647071
0.748680448
0.757383031
0.830898646
0.763870562
0.670747581
0.696905197
0.764241957
0.866268566
0.794056491
0.787512781
0.808017898
0.883213932
0.77455225
0.858321053
0.886737412
0.90883836
0.771206183
0.682040895
0.794049328
0.746168977
0.825623978
0.719206604
0.777601045
0.761340439
0.819760814
0.749402063
0.928702974
0.874797409
0.690962791
0.928872527
0.77590062
0.751049093
0.813705719
0.876435
0.875813748
0.898434492
0.796773524
0.724285828
0.729507817
0.781087645
0.853089649
0.914279945
0.733310544
0.796675812
0.63514792
0.704969428
0.878950979
0.991358306
0.81727577
0.66622744
0.828019289
0.818136447
0.823387508
0.813865945
0.855092062
0.885961975
0.876090784
0.6595215
0.886005557
0.788419946
0.809798624
0.71975232
0.897499317
0.708622707
0.737867622
0.899336691
0.683189496
0.654310034
0.838013578
0.799330262
0.770540519
0.726907088
0.843151586
0.732468714
0.822171985
0.84936984
0.799701197
0.798440608
0.881808035
0.724030774
0.876561321
0.817232291
0.816362446
0.811049853
0.66318299
0.789511702
0.88749921
0.768511794
0.917130582
0.820176169
0.6683881
0.917461624
0.860533924
0.86165358
0.776430392
0.850833861
0.954550402
0.768239584
0.790734209
0.910119866
0.834632487
0.882364357
0.828927011
0.783559336
0.811719446
0.832745142
0.689793459
0.791732395
0.836829429
0.956173271
0.746565541
0.872135324
0.824100435
0.762678295
0.624151276
0.76895905
0.802283779
0.737296483
0.889732356
0.783447925
0.896516187
0.80512889
0.840533743
0.75092482
0.821094223
0.861834778
0.788629983
0.847582243
0.798773752
0.778519512
0.777138241
0.84277129
0.854008321
0.773224179
0.756343279
0.673592416
0.700845313
0.864712056
0.907148844
0.869730458
0.75807777
0.56428256
0.778778734
0.844686512
0.805862745
0.856076606
0.931675799
0.785308309
0.834207581
0.689261941
0.842230533
0.637183821
0.744803038
0.885412656
0.754245687
0.76051766
0.729882131
0.739018235
0.720710149
0.868722326
0.78758321
0.744059201
0.856006093
0.75868868
0.798076623
0.853561044
0.721212983
0.858357408
0.780724697
0.822507555
0.682074333
0.787159369
0.701450217
0.764735819
0.771925993
0.832277002
0.73145358
0.776583827
0.94763864
0.918750211
0.877449584
0.774818255
0.912791633
0.804403304
0.690676212
0.859444273
0.893983141
0.776998065
0.767835282
0.805537897
